f(n^0)
360004608944
360004369338
360004395980
360004280684
360004470888
360004613646
360004359863
360004364298
360004569309
360004568434
360003934611
360004419602
360004027581
f(n^1)
2997752
2953745
2918325
2822259
2822448
2910743
2897183
2759966
2763077
2853288
2998598
2861833
2840691
f(n^2)
3012847
3249131
2903628
3089942
3224969
2937768
2987412
2838101
2883404
2802384
2857323
2687139
2719745
f(n^3)
3053409
2734020
2665644
3406417
2867911
2912064
2875711
2870456
2724610
2995478
3109126
3087376
3070224
