f(n^0)
360004516069
360004238864
360004106585
360034370034
360046781837
360004440200
360004379701
360005211529
360004363218
360004589841
360004675711
360004570637
360004268466
f(n^1)
2809998
2920541
2933718
2873820
2877963
2967038
2895833
3296880
2913588
2885168
2921976
2810464
2813131
f(n^2)
2901376
2916552
2800346
2856423
2876108
2825916
2866485
2872373
2847068
2853316
2901501
2990095
2811593
f(n^3)
2985205
3069470
2935461
3292761
2980280
3017884
2931642
3048580
2978374
3072089
2982792
2936245
2960317
