f(n^0)
360004814433
360004324709
360004982892
360004419440
360004715413
360004431695
360004430618
360004069924
360004465960
360004539242
360004093757
360004619546
360004615421
f(n^1)
2870033
2751324
2745307
2852181
2985500
2952910
2776526
3302337
3043404
2865178
3046472
2994518
2841599
f(n^2)
2889596
2916183
2896968
2987749
2790203
2707033
2933828
3010998
2820775
3053226
2883181
2870568
2861335
f(n^3)
2949642
2934436
2922060
3056207
2959013
3093406
3074175
2948500
3005902
3135485
2905703
3234741
2997334
